-1.100000000000000000e+04 1.176641314371294584e+03 1.869626744328950281e+03 1.032738935973731031e+03 2.463317824106370608e+03 1.030878002163142128e+03 1.671454025540529301e+03
-1.095000000000000000e+04 1.295083622473637888e+03 1.979674214460218991e+03 1.124038816269757945e+03 2.594438548019440987e+03 1.045591730128839345e+03 1.697963502255995991e+03
-1.090000000000000000e+04 9.110170873086708525e+02 1.531089675835402659e+03 8.145841221571872666e+02 2.030772194192308007e+03 1.060784833786115996e+03 1.725138868334945755e+03
-1.085000000000000000e+04 1.332766088894250061e+03 2.062772957680047512e+03 1.160735206898442357e+03 2.708174664524154650e+03 1.076453383540371760e+03 1.752980262652471538e+03
-1.080000000000000000e+04 1.049371201399143956e+03 1.731919792520429155e+03 9.324117670869627545e+02 2.292483103104724705e+03 1.092591936414198926e+03 1.781486112441434898e+03
-1.075000000000000000e+04 1.168499886919925530e+03 1.873329870632873963e+03 1.028442030786757641e+03 2.471008842750471558e+03 1.109193598866578441e+03 1.810653188729625299e+03
-1.070000000000000000e+04 1.115989973354340691e+03 1.819454545878893214e+03 9.875543719408170773e+02 2.404893828311426205e+03 1.126250102096250885e+03 1.840476677400361950e+03
-1.065000000000000000e+04 1.143513558047229026e+03 1.870370528097381111e+03 1.012993466567288692e+03 2.473144254417312368e+03 1.143751889629241077e+03 1.870950265857503382e+03
-1.060000000000000000e+04 1.068936836988345704e+03 1.787107954409025069e+03 9.540270559661144034e+02 2.368980026522209755e+03 1.161688216901526630e+03 1.902066245164322936e+03
-1.055000000000000000e+04 1.198096113701574041e+03 1.967103001168581159e+03 1.062690984458519551e+03 2.602213223784051479e+03 1.180047262450219705e+03 1.933815627400076437e+03
-1.050000000000000000e+04 8.502738192898790430e+02 1.542594435418283410e+03 7.828642503148638525e+02 2.061373811604874845e+03 1.198816250225931299e+03 1.966188277851816110e+03
-1.045000000000000000e+04 9.928842715553441849e+02 1.710911189379911548e+03 8.958934649946537547e+02 2.275246563270963634e+03 1.217981582455624675e+03 1.999173061543885751e+03
-1.040000000000000000e+04 1.236637211137599706e+03 2.019382928152264640e+03 1.094894968307282625e+03 2.669661954935771973e+03 1.237528982374069301e+03 2.032758003462809029e+03
-1.035000000000000000e+04 9.300746452236925279e+02 1.645629172011354513e+03 8.477658694050315944e+02 2.194079050649709188e+03 1.257443646067308464e+03 2.066930461729100898e+03
-1.030000000000000000e+04 1.524124560143257895e+03 2.398996461359868135e+03 1.333906019718880316e+03 3.156867518251093770e+03 1.277710402568057589e+03 2.101677312826142952e+03
-1.025000000000000000e+04 1.467850098691165385e+03 2.319385981281131080e+03 1.286149634447119524e+03 3.053674128317132272e+03 1.298313881265459941e+03 2.136985147884463913e+03
-1.020000000000000000e+04 1.400190510675640326e+03 2.297925006246126486e+03 1.241766473927894822e+03 3.039693388651154237e+03 1.319238685607310344e+03 2.172840478896740933e+03
-1.015000000000000000e+04 1.285078313984724218e+03 2.161085495063291091e+03 1.149301678650117083e+03 2.866564651659980882e+03 1.340469571994349963e+03 2.209229953620525976e+03
-1.010000000000000000e+04 1.496351033438237664e+03 2.427337069422167133e+03 1.321964300744629554e+03 3.206429984763414723e+03 1.361991632698444846e+03 2.246140577823848616e+03
-1.005000000000000000e+04 1.385621078133952551e+03 2.316860616680220119e+03 1.236724492075970829e+03 3.071261482568937936e+03 1.383790481569850044e+03 2.283559943419423234e+03
-1.000000000000000000e+04 1.316440019222359979e+03 2.224992801095701452e+03 1.179463480898105900e+03 2.952938345020940233e+03 1.405852441240158896e+03 2.321476460938388300e+03
-9.950000000000000000e+03 1.281076109338771403e+03 2.171527995310641472e+03 1.148980102735841001e+03 2.882876171516475551e+03 1.428164730482418463e+03 2.359879594714152518e+03
-9.900000000000000000e+03 1.464010331702910889e+03 2.413120033327153578e+03 1.300264413034135487e+03 3.193686333741471572e+03 1.450715650338991281e+03 2.398760099054079546e+03
-9.850000000000000000e+03 1.541274333234456208e+03 2.505261064230191550e+03 1.362547810068486115e+03 3.310172961895445951e+03 1.473494767606260666e+03 2.438110253627429756e+03
-9.800000000000000000e+03 1.619227676100186727e+03 2.626106279997531146e+03 1.430422054624343446e+03 3.468907957463732146e+03 1.496493094232219164e+03 2.477924096227173322e+03
-9.750000000000000000e+03 1.498577630593031245e+03 2.492978278462462185e+03 1.335170457952551260e+03 3.302845109382813007e+03 1.519703261174644240e+03 2.518197651024282550e+03
-9.700000000000000000e+03 1.640348607703460857e+03 2.655966818523362690e+03 1.448304166555241409e+03 3.507645777011203791e+03 1.543119685258707932e+03 2.558929150398819729e+03
-9.650000000000000000e+03 1.550433695819606328e+03 2.590217560535729262e+03 1.383411853364135141e+03 3.433300853195939908e+03 1.566738727585967581e+03 2.600119248415884613e+03
-9.600000000000000000e+03 1.572624542563889918e+03 2.603800002046630652e+03 1.398862945674761477e+03 3.447819575481780248e+03 1.590558842058585242e+03 2.641771224006405191e+03
-9.550000000000000000e+03 1.315602897517090241e+03 2.394877698654080632e+03 1.212985581348503274e+03 3.201221574061290994e+03 1.614580712609609691e+03 2.683891171918897726e+03
-9.500000000000000000e+03 1.642388166055943202e+03 2.763710450223556563e+03 1.469188733883545410e+03 3.666166275295522155e+03 1.638807377774927318e+03 2.726488179538223903e+03
-9.450000000000000000e+03 1.564084172816270438e+03 2.689586469952895641e+03 1.410201901847465251e+03 3.575977388201200029e+03 1.663244341284418397e+03 2.769574487698420398e+03
-9.400000000000000000e+03 1.680376180742411407e+03 2.762306603918631481e+03 1.491075719462589859e+03 3.654681363637142567e+03 1.687899667414112173e+03 2.813165633671579144e+03
-9.350000000000000000e+03 1.664351361717367354e+03 2.764103862716421645e+03 1.482007985477908960e+03 3.661354915829955189e+03 1.712784059914059299e+03 2.857280574587386127e+03
-9.300000000000000000e+03 1.642017541834136409e+03 2.852436974390787782e+03 1.486128301445348825e+03 3.796367197344887245e+03 1.737910923398270825e+03 2.901941789606480597e+03
-9.250000000000000000e+03 1.691937715256344745e+03 2.877517090647577788e+03 1.519302845562962602e+03 3.821475304457393577e+03 1.763296406184990929e+03 2.947175359284043225e+03
-9.200000000000000000e+03 1.815016262527700746e+03 2.985894215278874526e+03 1.610958036293828172e+03 3.950847704152065944e+03 1.788959423669787611e+03 2.993011020663101590e+03
-9.150000000000000000e+03 1.816808345191129547e+03 3.032064468794393633e+03 1.620500351077773075e+03 4.018496759716958422e+03 1.814921661421044973e+03 3.039482196754768211e+03
-9.100000000000000000e+03 1.830723744884017378e+03 3.043097358306600654e+03 1.630649631753905396e+03 4.031313774093885513e+03 1.841207557313593497e+03 3.086625999219338610e+03
-9.050000000000000000e+03 1.845609944156557958e+03 3.090188428667293920e+03 1.648067730810426610e+03 4.097009523950619950e+03 1.867844262130113975e+03 3.134483203190688073e+03
-9.000000000000000000e+03 1.981614225300550515e+03 3.280414398135748797e+03 1.762561483487247642e+03 4.343674724570424587e+03 1.894861578204178841e+03 3.183098193367770364e+03
-8.950000000000000000e+03 1.967036195127223209e+03 3.312058027802293964e+03 1.759987735522102412e+03 4.393865146840993475e+03 1.922291875807477027e+03 3.232518880656937654e+03
-8.900000000000000000e+03 1.915849378799624446e+03 3.251205005281612102e+03 1.719003694887271195e+03 4.316752572440936092e+03 1.950169987136203872e+03 3.282796588841249104e+03
-8.850000000000000000e+03 1.973745416778858271e+03 3.315606901754434602e+03 1.764529838841876426e+03 4.397456573736827522e+03 1.978533077892101574e+03 3.333985910935753964e+03
-8.800000000000000000e+03 2.121152805505259494e+03 3.498166426458895330e+03 1.884250416706598344e+03 4.629997865980052666e+03 2.007420496611719500e+03 3.386144535093378181e+03
-8.750000000000000000e+03 2.095349064192034803e+03 3.530759647392295392e+03 1.875295554131391782e+03 4.684381517495607113e+03 2.036873602051156467e+03 3.439333040133397844e+03
-8.700000000000000000e+03 2.065767449212397423e+03 3.576545416189995194e+03 1.867279886970468169e+03 4.758512553372395814e+03 2.066935569084620965e+03 3.493614660964826271e+03
-8.650000000000000000e+03 2.203733607580844819e+03 3.623953876976540869e+03 1.955714579426368573e+03 4.794890802916226676e+03 2.097651173736195233e+03 3.549055024399731337e+03
-8.600000000000000000e+03 2.137032112776195845e+03 3.631278478042673669e+03 1.918365150088081691e+03 4.822054713384678507e+03 2.129066558119669935e+03 3.605721856068451416e+03
-8.550000000000000000e+03 2.242540176989384690e+03 3.734739554324308756e+03 1.998776403976048641e+03 4.948618624547285435e+03 2.161228976210623841e+03 3.663684659353928510e+03
-8.500000000000000000e+03 2.170285655039343965e+03 3.662183374241283673e+03 1.943337770857031501e+03 4.859484254512167354e+03 2.194186521529189122e+03 3.723014367490734912e+03
-8.450000000000000000e+03 2.313967317759987509e+03 3.856773307388647481e+03 2.063011099285738510e+03 5.110772830547700323e+03 2.227987837956985913e+03 3.783782970177658171e+03
-8.400000000000000000e+03 2.159125705445153017e+03 3.722460781099280211e+03 1.948583837510774629e+03 4.950553166679722381e+03 2.262681815052627371e+03 3.846063116264377186e+03
-8.350000000000000000e+03 2.385307987312301066e+03 4.029930666841307811e+03 2.136807451526919522e+03 5.348163025932502933e+03 2.298317269364800723e+03 3.909927694273663292e+03
-8.300000000000000000e+03 2.405817879168165746e+03 4.065050312700344421e+03 2.155269622869565410e+03 5.394837400835574044e+03 2.334942613371200423e+03 3.975449392719419848e+03
-8.250000000000000000e+03 2.295886155307025547e+03 3.969454937830095332e+03 2.074205854512789756e+03 5.280537571973485683e+03 2.372605513786974825e+03 4.042700242357795105e+03
-8.200000000000000000e+03 2.353705685770353739e+03 4.019251069413200184e+03 2.116674587363465434e+03 5.340012984105774194e+03 2.411352541098794973e+03 4.111751142693893598e+03
-8.150000000000000000e+03 2.359265517591725711e+03 4.156282449323997753e+03 2.146827363249818973e+03 5.539204127772231004e+03 2.451228812279413887e+03 4.182671375222937058e+03
-8.100000000000000000e+03 1.832429783582407481e+03 3.373405225072155645e+03 1.697430288856967081e+03 4.513534462310783965e+03 2.492277628724831175e+03 4.255528106039044360e+03
-8.050000000000000000e+03 2.350293278965669742e+03 4.127136508224388308e+03 2.135983622093589020e+03 5.498667359341458905e+03 2.534540111532764513e+03 4.330385880576500313e+03
-8.000000000000000000e+03 2.602699813527622155e+03 4.474066751939675669e+03 2.346338266031130843e+03 5.948352946537996104e+03 2.578054836304077071e+03 4.407306113370172170e+03
-7.950000000000000000e+03 2.567263019988742144e+03 4.461142274323775382e+03 2.323812242784448244e+03 5.937611991716615194e+03 2.622857469700413276e+03 4.486346575825646141e+03
-7.900000000000000000e+03 2.583247190217568459e+03 4.643593418838747311e+03 2.369533513826480430e+03 6.200187243520353150e+03 2.668980410025907986e+03 4.567560885069861797e+03
-7.850000000000000000e+03 2.655328510190271572e+03 4.670841832977573176e+03 2.414821985846932876e+03 6.224084694654223313e+03 2.716452434122636078e+03 4.650997997022925119e+03
-7.800000000000000000e+03 2.805607171485629351e+03 4.779941460556809943e+03 2.520950163399652865e+03 6.349151856869001676e+03 2.765298352879668528e+03 4.736701706877064680e+03
-7.750000000000000000e+03 2.988435431687281380e+03 5.116768835464855329e+03 2.690120068735760469e+03 6.800064008882264716e+03 2.815538677643251049e+03 4.824710160191154500e+03
-7.700000000000000000e+03 3.027822090694817234e+03 5.129257085386399922e+03 2.715012915789044200e+03 6.809052616091705204e+03 2.867189299797993954e+03 4.915055377821239745e+03
-7.650000000000000000e+03 2.905313839781428214e+03 5.021172113740877649e+03 2.624407480872162978e+03 6.679369489615296516e+03 2.920261185747350737e+03 5.007762797884112842e+03
-7.600000000000000000e+03 2.962412432627477301e+03 5.049583362043286797e+03 2.662325239889536533e+03 6.707660918884266721e+03 2.974760089470552430e+03 5.102850837919098012e+03
-7.550000000000000000e+03 2.994838337703338311e+03 5.160344739300698166e+03 2.702230227682934583e+03 6.862420661391091016e+03 3.030686284766158678e+03 5.200330480353455641e+03
-7.500000000000000000e+03 2.946966510200717948e+03 5.158126217544709107e+03 2.674894269335649369e+03 6.870127549647289015e+03 3.088034319207838053e+03 5.300204884296090313e+03
-7.450000000000000000e+03 3.098602750716318951e+03 5.306311627928440430e+03 2.789467485114834744e+03 7.052087351759430021e+03 3.146792791744548595e+03 5.402469026585438769e+03
-7.400000000000000000e+03 3.282537896689871559e+03 5.642107604830772289e+03 2.959095090048096154e+03 7.501202090811601011e+03 3.206944155764191237e+03 5.507109374896499503e+03
-7.350000000000000000e+03 3.389316300412875535e+03 5.767189180998032498e+03 3.044048202771678461e+03 7.659498291706789132e+03 3.268464549319334765e+03 5.614103595569829849e+03
-7.300000000000000000e+03 3.314035392384825627e+03 5.673588298875759392e+03 2.983087898575178315e+03 7.539972029278502305e+03 3.331323654075118611e+03 5.723420298668115720e+03
-7.250000000000000000e+03 3.369322135124857141e+03 5.898718720366172420e+03 3.058523602372200003e+03 7.856697611397009496e+03 3.395484584395339880e+03 5.835018822586131137e+03
-7.200000000000000000e+03 3.260276381142492482e+03 5.671248504802971183e+03 2.952266313393660312e+03 7.548986817739884827e+03 3.460903807821411647e+03 5.948849060345252838e+03
-7.150000000000000000e+03 3.363558825489163610e+03 5.845802674591614959e+03 3.044780938831235744e+03 7.780665559906461567e+03 3.527531098033377930e+03 6.064851329492663353e+03
-7.100000000000000000e+03 3.467740083590345421e+03 5.794707456475051913e+03 3.094428435038618318e+03 7.681011946410275414e+03 3.595309521204902921e+03 6.182956287300487020e+03
-7.050000000000000000e+03 3.090777468135750496e+03 5.638636632082647338e+03 2.852268805016349688e+03 7.538557634185847746e+03 3.664175456478620617e+03 6.303084892717992261e+03
-7.000000000000000000e+03 3.664398287492545023e+03 6.304784847871549573e+03 3.304562252417787931e+03 8.383090899904736943e+03 3.734058651099636336e+03 6.425148416283233018e+03
-6.950000000000000000e+03 3.835813220611987617e+03 6.433172708052859889e+03 3.427257711390385339e+03 8.530739686983824868e+03 3.804882310546359804e+03 6.549048498933414521e+03
-6.900000000000000000e+03 3.686600643166906593e+03 6.307975772332930319e+03 3.317781929337580550e+03 8.382575651332654161e+03 3.876563223799887965e+03 6.674677260389936237e+03
-6.850000000000000000e+03 3.707749649014872375e+03 6.542228246541989392e+03 3.375971809903660414e+03 8.720333675428179049e+03 3.949011923687915441e+03 6.801917457509836822e+03
-6.800000000000000000e+03 4.556627572197508016e+03 7.812775907879710758e+03 4.103896323874952941e+03 1.038449450075296954e+04 4.022132882035994044e+03 6.930642692719121442e+03
-6.750000000000000000e+03 5.716248118013551903e+03 9.208676624155639729e+03 5.038809522779718463e+03 1.215401160407092539e+04 4.095824739155184943e+03 7.060717672355738614e+03
-6.700000000000000000e+03 5.684657963533226393e+03 9.244146426311122923e+03 5.026180281389526499e+03 1.221482766851300221e+04 4.169980566988328064e+03 7.191998514461907689e+03
-6.650000000000000000e+03 4.774920334969777286e+03 7.988940734085894292e+03 4.262735027870501654e+03 1.059096860249959354e+04 4.244488165040954300e+03 7.324333105282721590e+03
-6.600000000000000000e+03 5.696926120975270351e+03 9.427652754269851357e+03 5.066588713387788630e+03 1.248289832361809204e+04 4.319230388020385362e+03 7.457561503438752879e+03
-6.550000000000000000e+03 6.475157384860238380e+03 1.039747956756445092e+04 5.701903487490912084e+03 1.371750134685245030e+04 4.394085503920854535e+03 7.591516390468513237e+03
-6.500000000000000000e+03 6.423183994700538278e+03 1.023566390111331930e+04 5.642656531244481812e+03 1.349097112008982549e+04 4.468927581099684176e+03 7.726023566152801322e+03
-6.450000000000000000e+03 4.607723799615690950e+03 8.079630999991242788e+03 4.185254165371339695e+03 1.076317574274349317e+04 4.543626902718247948e+03 7.860902486776029946e+03
-6.400000000000000000e+03 4.968743430356442332e+03 8.618747413915247307e+03 4.494510313226401195e+03 1.146919182124852705e+04 4.618050406747886882e+03 7.995966844219017730e+03
-6.350000000000000000e+03 6.518415801702448334e+03 1.061773818501569804e+04 5.766525506106819194e+03 1.403265763202776725e+04 4.692062149582448001e+03 8.131025183531311995e+03
-6.300000000000000000e+03 5.432895338560915661e+03 9.158350295281728904e+03 4.863027386069302338e+03 1.215122821876079433e+04 4.765523791152734702e+03 8.265881556403532159e+03
-6.250000000000000000e+03 6.178402057045055699e+03 1.017249039389620339e+04 5.485298740046167040e+03 1.346122657786823947e+04 4.838295099298273271e+03 8.400336207736712822e+03
-6.200000000000000000e+03 4.468789765688392436e+03 7.882954911423156773e+03 4.068487114199630014e+03 1.050716296272193540e+04 4.910234471030607892e+03 8.534186292307542317e+03
-6.150000000000000000e+03 5.739865167084927634e+03 9.732598302479100312e+03 5.148592991523089950e+03 1.292123021622818305e+04 4.981199468211281783e+03 8.667226618340660934e+03
-6.100000000000000000e+03 6.403361349025713935e+03 1.049010097069736912e+04 5.675462685969090671e+03 1.387338225710247571e+04 5.051047365070604428e+03 8.799250414632071625e+03
-6.050000000000000000e+03 5.174689716740615040e+03 9.011511511886765220e+03 4.687827875742682409e+03 1.199653225714425935e+04 5.119635704914469898e+03 8.930050117720724302e+03
-6.000000000000000000e+03 4.515212465201220766e+03 8.155421646264183437e+03 4.149720858388124725e+03 1.089387148841286580e+04 5.186822863298818447e+03 9.059418175475810131e+03
-5.950000000000000000e+03 6.264309793547436129e+03 1.073654229695597132e+04 5.641090257923075114e+03 1.427009595201270531e+04 5.252468614902081754e+03 9.187147863360478368e+03
-5.900000000000000000e+03 5.748961821369608515e+03 9.770284039421832858e+03 5.161010834865406650e+03 1.297439371342470986e+04 5.316434701292952013e+03 9.313034109546888430e+03
-5.850000000000000000e+03 5.435099738541518491e+03 9.604464520185352740e+03 4.951655630830811788e+03 1.280388936983495842e+04 5.378585396771805790e+03 9.436874324992464608e+03
-5.800000000000000000e+03 4.618590487528843369e+03 8.530923581041644866e+03 4.284333095403824700e+03 1.141733971947298232e+04 5.438788069464772889e+03 9.558469234545558720e+03
-5.750000000000000000e+03 3.611141765837777712e+03 7.265993488002363847e+03 3.481260151674433473e+03 9.786252748166689344e+03 5.496913734862888305e+03 9.677623705129157315e+03
-5.700000000000000000e+03 5.417068519470147294e+03 9.991479124524064900e+03 5.021991007430809987e+03 1.337047879043313151e+04 5.552837599031756326e+03 9.794147567052390514e+03
-5.650000000000000000e+03 5.973721476888898906e+03 1.029511873099231889e+04 5.390439752655959637e+03 1.369109506250834056e+04 5.606439588763375468e+03 9.907856424524843533e+03
-5.600000000000000000e+03 5.350662511703126256e+03 9.662765436539300936e+03 4.917201104554000267e+03 1.290715983333511394e+04 5.657604866005430267e+03 1.001857245149457412e+04
-5.550000000000000000e+03 5.784693961410053817e+03 1.018323325824572021e+04 5.262292037465426802e+03 1.357054564779829343e+04 5.706224323982016358e+03 1.012612516899846742e+04
-5.500000000000000000e+03 5.724358678276420505e+03 1.026460531861831078e+04 5.245552503044526929e+03 1.370239116327808370e+04 5.752195062510576463e+03 1.023035220029988341e+04
-5.450000000000000000e+03 8.175945386744944699e+03 1.342386032282110318e+04 7.251947633604559087e+03 1.775798443838948151e+04 5.795420840129701901e+03 1.033110000019971994e+04
-5.400000000000000000e+03 7.681396344105064600e+03 1.264446482347088386e+04 6.819203467683012605e+03 1.673197708811812117e+04 5.835812500769999133e+03 1.042822455503175661e+04
-5.350000000000000000e+03 6.046632100674330104e+03 1.095142489659792227e+04 5.563391589768176345e+03 1.463225281776537850e+04 5.873288372833503672e+03 1.052159204999848589e+04
-5.300000000000000000e+03 7.384357075988439647e+03 1.248730552036836343e+04 6.617258052598742324e+03 1.657368118894531653e+04 5.907774638692440021e+03 1.061107950066879857e+04
-5.250000000000000000e+03 6.209235931467791488e+03 1.129012997018112219e+04 5.722209461740423649e+03 1.508996400625573733e+04 5.939205672771120589e+03 1.069657534563441732e+04
-5.200000000000000000e+03 7.693717245580822237e+03 1.301316021169797932e+04 6.894997146303070622e+03 1.727200290419194425e+04 5.967524346540662009e+03 1.077797999751674615e+04
-5.150000000000000000e+03 7.180845890862736269e+03 1.231139380298013384e+04 6.467214831423997566e+03 1.636379806587946405e+04 5.992682298928222735e+03 1.085520634972185871e+04
-5.100000000000000000e+03 7.864258534632694136e+03 1.351125245877572888e+04 7.088184490895700947e+03 1.796244004542453331e+04 6.014640170823945482e+03 1.092818023656031255e+04
-5.050000000000000000e+03 4.843495028494315193e+03 9.264199407310068636e+03 4.561555726954289639e+03 1.243304310484702364e+04 6.033367802554885202e+03 1.099684084457721110e+04
-5.000000000000000000e+03 7.926485357644151918e+03 1.328445847462017446e+04 7.080480673824514270e+03 1.761456383988840753e+04 6.048844393387356831e+03 1.106114107317552771e+04
-4.950000000000000000e+03 7.309862251437411942e+03 1.283160077936920243e+04 6.642399467192186421e+03 1.709521539879772899e+04 6.061058622315395041e+03 1.112104784286239010e+04
-4.900000000000000000e+03 7.126197510686836722e+03 1.253406371077329277e+04 6.480493293683049160e+03 1.670198703656361613e+04 6.070008729592004784e+03 1.117654234969903882e+04
-4.850000000000000000e+03 7.716225841269342709e+03 1.338646647654466324e+04 6.980149780075791568e+03 1.781397822975828967e+04 6.075702558659106217e+03 1.122762026479037922e+04
-4.800000000000000000e+03 6.135065462469127851e+03 1.103777457075529128e+04 5.629467814277396428e+03 1.473891907716213427e+04 6.078157558334278292e+03 1.127429187791023651e+04
-4.750000000000000000e+03 6.254451778578679296e+03 1.163120513946551910e+04 5.818563075152039346e+03 1.557529356114446273e+04 6.077400745311361788e+03 1.131658218461799333e+04
-4.700000000000000000e+03 7.252439726066040748e+03 1.281638137192317299e+04 6.607439248409928950e+03 1.708581312621252800e+04 6.073468627230146012e+03 1.135453091648167720e+04
-4.650000000000000000e+03 7.421266726303530959e+03 1.316318088442494263e+04 6.771062975176634609e+03 1.755419874037694171e+04 6.066407086764898850e+03 1.138819251428212556e+04
-4.600000000000000000e+03 5.575235172826335656e+03 1.097727875012619370e+04 5.320254795394844223e+03 1.476309584143895518e+04 6.056271227373135844e+03 1.141763604432794818e+04
-4.550000000000000000e+03 6.524042584024576172e+03 1.240378298035846274e+04 6.127920803791496837e+03 1.663891515800789421e+04 6.043125181529546353e+03 1.144294505826101158e+04
-4.500000000000000000e+03 5.964100184153821829e+03 1.128177335996395595e+04 5.589482595512724401e+03 1.512787432790445200e+04 6.027041882450759658e+03 1.146421739697905286e+04
-4.450000000000000000e+03 4.330113985763215169e+03 9.377482365976227811e+03 4.329658669533022476e+03 1.268591777143679974e+04 6.008102800487208697e+03 1.148156493953938843e+04
-4.400000000000000000e+03 5.005837279781459983e+03 1.019907828261812756e+04 4.854836470331455530e+03 1.374783952833946569e+04 5.986397645522518360e+03 1.149511329813833072e+04
-4.350000000000000000e+03 5.908791194091080797e+03 1.127768537810961243e+04 5.559559363778877014e+03 1.513280068118868803e+04 5.962024036875420279e+03 1.150500146048266470e+04
-4.300000000000000000e+03 6.327583934441222482e+03 1.224729358701882484e+04 5.991084651822069645e+03 1.645100109745484588e+04 5.935087142343834785e+03 1.151138138107978921e+04
-4.250000000000000000e+03 6.506172830263341893e+03 1.232158965817970602e+04 6.100639397045423721e+03 1.652368022637979811e+04 5.905699288165653343e+03 1.151441752317474857e+04
-4.200000000000000000e+03 5.718090985423593338e+03 1.113131097161171601e+04 5.428144956372651905e+03 1.495819811048989141e+04 5.873979541793966746e+03 1.151428635324972493e+04
-4.150000000000000000e+03 4.684894420280212216e+03 9.910523788711294401e+03 4.628629133288829507e+03 1.338938303167518643e+04 5.840053269496208486e+03 1.151117579017822936e+04
-4.100000000000000000e+03 5.735006901419363203e+03 1.133129749808766064e+04 5.481582708752527651e+03 1.524289881421286009e+04 5.804051670887269211e+03 1.150528461129026618e+04
-4.050000000000000000e+03 5.417491147024114071e+03 1.066554039633604043e+04 5.169466895561465208e+03 1.434373793491475408e+04 5.766111292593222061e+03 1.149682181775280151e+04
-4.000000000000000000e+03 5.900562067670648503e+03 1.180429818398972566e+04 5.672805778607405045e+03 1.589261641376124498e+04 5.726373523317862237e+03 1.148600596180775028e+04
-3.950000000000000000e+03 6.048193168008392604e+03 1.203328204377827024e+04 5.799698217858760472e+03 1.619490491747610213e+04 5.684984072646206187e+03 1.147306443853065866e+04
-3.900000000000000000e+03 5.449894234318294366e+03 1.101281608906211477e+04 5.264626156129857009e+03 1.483684765518721542e+04 5.642092435967426354e+03 1.145823274488066818e+04
-3.850000000000000000e+03 5.953783054119860935e+03 1.206417769125418636e+04 5.758970862435583513e+03 1.625617970049256292e+04 5.597851347936883030e+03 1.144175370890717022e+04
-3.800000000000000000e+03 4.794614607222916675e+03 1.079997827252243223e+04 4.894499697143669437e+03 1.464008432975403230e+04 5.552416226918780012e+03 1.142387669205590282e+04
-3.750000000000000000e+03 4.827054758265758210e+03 1.008069102197419670e+04 4.738455907184829812e+03 1.360898592616851420e+04 5.505944612862080248e+03 1.140485676758375484e+04
-3.700000000000000000e+03 5.532835728295153785e+03 1.156914584008211204e+04 5.434676840914450622e+03 1.561957817071987665e+04 5.458595601059221735e+03 1.138495387814142305e+04
-3.650000000000000000e+03 5.799730085618362864e+03 1.204234005593315305e+04 5.677029843373687072e+03 1.625157735212949956e+04 5.410529274222803906e+03 1.136443197562075147e+04
-3.600000000000000000e+03 4.713946245959997214e+03 1.021454886560297564e+04 4.714839907070782829e+03 1.381873525916532708e+04 5.361906135288216319e+03 1.134355814638729134e+04
-3.550000000000000000e+03 5.522984308105824311e+03 1.171733498648074965e+04 5.464642183223960274e+03 1.583307497166955000e+04 5.312886543311932655e+03 1.132260172502946261e+04
-3.500000000000000000e+03 5.331203927239627774e+03 1.130848453475341557e+04 5.274421374201484468e+03 1.528046157794170358e+04 5.263630154785183549e+03 1.130183339975355011e+04
-3.450000000000000000e+03 4.874132198948904261e+03 1.071001295625265993e+04 4.910591655341463593e+03 1.449982063121934516e+04 5.214295372622746072e+03 1.128152431254078328e+04
-3.400000000000000000e+03 5.319656841820177760e+03 1.171937654762742568e+04 5.366762518996091785e+03 1.586850959704285924e+04 5.165038805015894468e+03 1.126194515715653506e+04
-3.350000000000000000e+03 5.492251449347964808e+03 1.175788849036777174e+04 5.459241808143213348e+03 1.589601671626314419e+04 5.116014736258573066e+03 1.124336527806610866e+04
-3.300000000000000000e+03 5.119183962179256923e+03 1.133677902309415549e+04 5.178746541191861070e+03 1.535460856157170565e+04 5.067374611567472130e+03 1.122605177326509329e+04
-3.250000000000000000e+03 5.267372436210299384e+03 1.190500984976744257e+04 5.386878888678873409e+03 1.614070260483544916e+04 5.019266537819286896e+03 1.121026860397563905e+04
-3.200000000000000000e+03 4.747156771417722666e+03 1.078406145459556683e+04 4.868233444671386678e+03 1.462454980900382543e+04 4.971834802024748569e+03 1.119627571409601296e+04
-3.150000000000000000e+03 5.016252742814950579e+03 1.138263271970916503e+04 5.141083895706476142e+03 1.543545426160304123e+04 4.925219409247528347e+03 1.118432816221640132e+04
-3.100000000000000000e+03 4.840088275989801332e+03 1.116112662164233006e+04 5.004206599205256680e+03 1.514664198520467289e+04 4.879555641559532887e+03 1.117467526893348986e+04
-3.050000000000000000e+03 4.497131685245640256e+03 1.084386230124721988e+04 4.767149124120578563e+03 1.474504638204360526e+04 4.834973639502127298e+03 1.116755978210858848e+04
-3.000000000000000000e+03 4.404896802071495586e+03 1.055826518949945785e+04 4.653575248940921483e+03 1.435310808066251775e+04 4.791598007396389221e+03 1.116321706261974032e+04
-2.950000000000000000e+03 4.457464248609730930e+03 1.044493080692385593e+04 4.649595125840734909e+03 1.418506338256303934e+04 4.749547443715534428e+03 1.116187429305823025e+04
-2.900000000000000000e+03 5.010224077898006726e+03 1.189988389831060886e+04 5.265821582134809432e+03 1.617060794869526217e+04 4.708934397600156444e+03 1.116374971171561265e+04
-2.850000000000000000e+03 5.052472193161173891e+03 1.215544334305810844e+04 5.348951755587881053e+03 1.652692084538323252e+04 4.669864752462081015e+03 1.116905187409786777e+04
-2.800000000000000000e+03 4.831436809338573767e+03 1.162389622292932108e+04 5.115003221743008908e+03 1.580422579272522125e+04 4.632437537486654037e+03 1.117797894409036235e+04
-2.750000000000000000e+03 4.702078558286896623e+03 1.136642045033283648e+04 4.991507222714441923e+03 1.545720443191659615e+04 4.596744667707042026e+03 1.119071801678131123e+04
-2.700000000000000000e+03 4.344263499928782039e+03 1.069686986349757899e+04 4.660791508675729347e+03 1.455754682551514634e+04 4.562870713187742695e+03 1.120744447483219119e+04
-2.650000000000000000e+03 4.844122222366173446e+03 1.209028977125140045e+04 5.238182513116355040e+03 1.646255816245469396e+04 4.530892697719200441e+03 1.122832138016266799e+04
-2.600000000000000000e+03 4.206982452429186196e+03 1.076679215983815811e+04 4.617075123387533495e+03 1.467412431811621718e+04 4.500879927291885906e+03 1.125349890259426866e+04
-2.550000000000000000e+03 4.364364690418130522e+03 1.101031487829327125e+04 4.749207958894196054e+03 1.499811138634305462e+04 4.472893848486610295e+03 1.128311378697331202e+04
-2.500000000000000000e+03 4.383883689965206941e+03 1.145152875767905061e+04 4.870668353238800591e+03 1.561861440612879051e+04 4.446987936789323612e+03 1.131728886016767137e+04
-2.450000000000000000e+03 4.026602500796118420e+03 1.067101005019176955e+04 4.513060210614949028e+03 1.456116966367991154e+04 4.423207614713297517e+03 1.135613257920617252e+04
-2.400000000000000000e+03 4.507676066113800516e+03 1.184126763642196966e+04 5.025278764421026608e+03 1.615327586976240309e+04 4.401590199490651685e+03 1.139973862170352368e+04
-2.350000000000000000e+03 4.701718407536936866e+03 1.239365621951994763e+04 5.252589083457821289e+03 1.690878713992847770e+04 4.382164879977906821e+03 1.144818551958638636e+04
-2.300000000000000000e+03 4.043820532093956899e+03 1.085202707538683353e+04 4.567359015181330506e+03 1.481426642300514141e+04 4.364952722308696138e+03 1.150153633701086801e+04
-2.250000000000000000e+03 4.421467314877300851e+03 1.191358857736046230e+04 5.006362696001354379e+03 1.626553350163016330e+04 4.349966703719901489e+03 1.155983839323522989e+04
-2.200000000000000000e+03 4.119566996477165958e+03 1.123235686279459878e+04 4.698859724027087395e+03 1.534117919605145835e+04 4.337211773876344523e+03 1.162312303108625565e+04
-2.150000000000000000e+03 4.144563755767779185e+03 1.135019656886749726e+04 4.740298768255170216e+03 1.550422869492613609e+04 4.326684942924297502e+03 1.169140543153333965e+04
-2.100000000000000000e+03 4.305667472154432289e+03 1.183935696708806427e+04 4.937052932934003366e+03 1.617442682821679227e+04 4.318375395414903323e+03 1.176468447475996436e+04
-2.050000000000000000e+03 4.212707449775627538e+03 1.152468055939566511e+04 4.815079245830466789e+03 1.574206130679304988e+04 4.312264629156420597e+03 1.184294264799965458e+04
-2.000000000000000000e+03 4.777077285038019909e+03 1.312685652953662975e+04 5.475312322964027771e+03 1.793298979406901708e+04 4.308326617978023933e+03 1.192614600028089626e+04
-1.950000000000000000e+03 4.452688704243583743e+03 1.231959363799582570e+04 5.125446568194297470e+03 1.683365708917397569e+04 4.306527997319141832e+03 1.201424414410505415e+04
-1.900000000000000000e+03 4.537507649712135390e+03 1.266745849636879575e+04 5.252655732175984667e+03 1.731360510201011130e+04 4.306828271495706758e+03 1.210717030396073824e+04
-1.850000000000000000e+03 4.321694113081083742e+03 1.218187081487348587e+04 5.033441560050222506e+03 1.665458799919705052e+04 4.309180041439575689e+03 1.220484141145992180e+04
-1.800000000000000000e+03 4.001255645144717619e+03 1.148607751108412413e+04 4.714729215852436027e+03 1.571139504574993225e+04 4.313529251658687826e+03 1.230715824676289776e+04
-1.750000000000000000e+03 4.406663437119291302e+03 1.242343273290021170e+04 5.132942802139718879e+03 1.698492298311839477e+04 4.319815455124104119e+03 1.241400562584334511e+04
-1.700000000000000000e+03 4.203274461879524097e+03 1.209875159411076311e+04 4.961395859749513875e+03 1.655068446331566520e+04 4.327972094755064973e+03 1.252525263302914391e+04
-1.650000000000000000e+03 4.413069668867570726e+03 1.252023447113617294e+04 5.161063817927933997e+03 1.712035203041956629e+04 4.337926800145313791e+03 1.264075289814154530e+04
-1.600000000000000000e+03 4.255982090672931918e+03 1.242074886516309016e+04 5.068530957238793235e+03 1.699749958104741017e+04 4.349601698152281642e+03 1.276034491744228217e+04
-1.550000000000000000e+03 4.521985354768657089e+03 1.305690168736351370e+04 5.348333410773906508e+03 1.786292813379703512e+04 4.362913735955737138e+03 1.288385241748797489e+04
-1.500000000000000000e+03 4.730766943484153671e+03 1.397055106937265919e+04 5.677389582728661480e+03 1.912429358461292941e+04 4.377775015183651703e+03 1.301108476088181487e+04
-1.450000000000000000e+03 4.370497198352374653e+03 1.289192926401573095e+04 5.241137533387322037e+03 1.764724683327956882e+04 4.394093135700214589e+03 1.314183739280487316e+04
-1.400000000000000000e+03 4.501400951863651244e+03 1.332093429247122367e+04 5.409473126510101793e+03 1.823601350473155981e+04 4.411771547653985181e+03 1.327589232710396755e+04
-1.350000000000000000e+03 4.628034786566291586e+03 1.362301575871217210e+04 5.542410944514135736e+03 1.864698569954526465e+04 4.430709910392724851e+03 1.341301867060938821e+04
-1.300000000000000000e+03 4.550764251106651500e+03 1.367682733338754042e+04 5.524470661903485961e+03 1.873054571264317565e+04 4.450804456865285829e+03 1.355297318425401681e+04
-1.250000000000000000e+03 4.798954383214816517e+03 1.433956901897449461e+04 5.803674626741641077e+03 1.963533552026423422e+04 4.471948362149785680e+03 1.369550087946661370e+04
-1.200000000000000000e+03 4.409630067974869235e+03 1.345616965456454272e+04 5.407302382867739652e+03 1.843521557951336581e+04 4.494032114770982844e+03 1.384033564821528307e+04
-1.150000000000000000e+03 4.318870658483901025e+03 1.326738496371314432e+04 5.319524139941379872e+03 1.817946580400236053e+04 4.516943889497639248e+03 1.398720092498357553e+04
-1.100000000000000000e+03 4.373170095513815795e+03 1.351574254204449426e+04 5.408179675176514138e+03 1.852240824655189499e+04 4.540569920342780279e+03 1.413581037887070670e+04
-1.050000000000000000e+03 4.645753226755828109e+03 1.431630203955437719e+04 5.734088216043903230e+03 1.961817877581895664e+04 4.564794872525726532e+03 1.428586863392044324e+04
-1.000000000000000000e+03 4.695201371443814423e+03 1.448646107442720495e+04 5.799868423925530806e+03 1.985192612556663516e+04 4.589502212194067397e+03 1.443707201569944664e+04
-9.500000000000000000e+02 5.094476786899354920e+03 1.571510718453539084e+04 6.292210711354100567e+03 2.153553066529368516e+04 4.614574572746244485e+03 1.458910932206580037e+04
-9.000000000000000000e+02 4.567510519995146751e+03 1.433922166442637536e+04 5.708133934536545894e+03 1.965798954204960319e+04 4.639894116640847642e+03 1.474166261599355494e+04
-8.500000000000000000e+02 3.878167507332681453e+03 1.247738858052712931e+04 4.927793994401898090e+03 1.711475655612932678e+04 4.665342891626566598e+03 1.489440803824804061e+04
-8.000000000000000000e+02 5.205583693626386776e+03 1.625394843999944351e+04 6.481869438777182950e+03 2.228019475458785382e+04 4.690803180376813543e+03 1.504701663764073601e+04
-7.500000000000000000e+02 4.624226613873526730e+03 1.483392885352569829e+04 5.863998627711626796e+03 2.034584939701063195e+04 4.716157842565159626e+03 1.519915521653240285e+04
-7.000000000000000000e+02 4.974810347221247866e+03 1.568943394968156645e+04 6.236318807980115707e+03 2.151123194562776189e+04 4.741290648471203895e+03 1.535048718919776002e+04
-6.500000000000000000e+02 4.923761810409136160e+03 1.573909190995214522e+04 6.228866812236461556e+03 2.158570471441996051e+04 4.766086603261694108e+03 1.550067345061691958e+04
-6.000000000000000000e+02 4.629032762049504527e+03 1.519300419255380075e+04 5.962660013049916415e+03 2.084833047994274239e+04 4.790432261147521785e+03 1.564937325321566095e+04
-5.500000000000000000e+02 5.001250643886460239e+03 1.600770446390925645e+04 6.332515687378443545e+03 2.195471919324567352e+04 4.814216028674269182e+03 1.579624508904156392e+04
-5.000000000000000000e+02 4.498119070697817733e+03 1.487516079820873165e+04 5.824223188348313670e+03 2.041529286463384051e+04 4.837328456461201313e+03 1.594094757483396825e+04
-4.500000000000000000e+02 4.882813422052118767e+03 1.605038247358700028e+04 6.296151083829034178e+03 2.202553639240543998e+04 4.859662518761399042e+03 1.608314033742484753e+04
-4.000000000000000000e+02 5.604337716019606887e+03 1.811277990333146226e+04 7.143140469855740776e+03 2.484699132637196089e+04 4.881113880273447649e+03 1.622248489689390044e+04
-3.500000000000000000e+02 4.858587039797387661e+03 1.620008436663825341e+04 6.326876874129825410e+03 2.223731491347030533e+04 4.901581149692656254e+03 1.635864554489564216e+04
-3.000000000000000000e+02 4.741419462499754445e+03 1.607398935937157876e+04 6.245949106954248236e+03 2.207131572124394734e+04 4.920966119547224480e+03 1.649129021557896704e+04
-2.500000000000000000e+02 5.071381861153246973e+03 1.710135495508281747e+04 6.655884210591111696e+03 2.347961122249043910e+04 4.939173991921298693e+03 1.662009134653045476e+04
-2.000000000000000000e+02 4.626132778957434311e+03 1.607029608285707582e+04 6.199219576345477435e+03 2.207620153760859830e+04 4.956113589723145196e+03 1.674472672719253023e+04
-1.500000000000000000e+02 5.524334517499903995e+03 1.852910990972867148e+04 7.223368153384103607e+03 2.543723433218328137e+04 4.971697553211641207e+03 1.686488033223566890e+04
-1.000000000000000000e+02 4.925605646783989869e+03 1.673266317717244601e+04 6.497870574326051610e+03 2.297663839327278401e+04 4.985842521548592231e+03 1.698024313740133584e+04
-5.000000000000000000e+01 5.094931449725398124e+03 1.740400917101496088e+04 6.747326840104511575e+03 2.390099307499007045e+04 4.998469299197320652e+03 1.709051391537797463e+04
0.000000000000000000e+00 5.101518729499898654e+03 1.763400795443608149e+04 6.812412305892103177e+03 2.422213908066513250e+04 5.009503007039789736e+03 1.719540000932793919e+04
5.000000000000000000e+01 4.995264643154603618e+03 1.723105653776922554e+04 6.660828118715851815e+03 2.366775030913173396e+04 5.018873218134796844e+03 1.729461808174651742e+04
1.000000000000000000e+02 5.377169823983781498e+03 1.882992983902377455e+04 7.246650663881711807e+03 2.587089590771928124e+04 5.026514078088737733e+03 1.738789483640743856e+04
1.500000000000000000e+02 4.753597924901187071e+03 1.671871370859134549e+04 6.426009210090669512e+03 2.297200166282639111e+04 5.032364410057757595e+03 1.747496771123043436e+04
2.000000000000000000e+02 5.087742006794695044e+03 1.803879255769180236e+04 6.917203990639407493e+03 2.478930211842625431e+04 5.036367804445685579e+03 1.755558553999608193e+04
2.500000000000000000e+02 5.040696820406929874e+03 1.790015044006126118e+04 6.860922814972078413e+03 2.459944307904993548e+04 5.038472693406274630e+03 1.762950918093202199e+04
3.000000000000000000e+02 5.390675842644209297e+03 1.887483681759278625e+04 7.264201839304454552e+03 2.593253660253420094e+04 5.038632410300271658e+03 1.769651211030002014e+04
3.500000000000000000e+02 5.081361688159367986e+03 1.821496757298234661e+04 6.962785686324454218e+03 2.503608208764421943e+04 5.036805234298384676e+03 1.775638097922792804e+04
4.000000000000000000e+02 4.852067459123734807e+03 1.771163646269264427e+04 6.735702891315132547e+03 2.435155443545150774e+04 5.032954420359637879e+03 1.780891613215133839e+04
4.500000000000000000e+02 5.799461685491598473e+03 2.038361949806575649e+04 7.836160285547613057e+03 2.800736493742325547e+04 5.027048214851276498e+03 1.785393208535817394e+04
5.000000000000000000e+02 5.298602162242532359e+03 1.917675603594660424e+04 7.310484034183304175e+03 2.636224864412474926e+04 5.019059857111049496e+03 1.789125796426361194e+04
5.500000000000000000e+02 6.291214429968824334e+03 2.219092192004084791e+04 8.522115435664401957e+03 3.049252234780139406e+04 5.008967567285573750e+03 1.792073789818338992e+04
6.000000000000000000e+02 5.593995892280220687e+03 2.063425167749061802e+04 7.824355147217999729e+03 2.837456692300623763e+04 4.996754520809185124e+03 1.794223137151930132e+04
6.500000000000000000e+02 5.393401874044058786e+03 2.012042849277232017e+04 7.605778286648369431e+03 2.767288342398845998e+04 4.982408809916674727e+03 1.795561353042116389e+04
7.000000000000000000e+02 6.131094699648477217e+03 2.215786054898986913e+04 8.450363618932839017e+03 3.045964494458144691e+04 4.965923392610142400e+03 1.796077544414417571e+04
7.500000000000000000e+02 5.030302692267714519e+03 1.922801146500016694e+04 7.220701644127292639e+03 2.645516277209499094e+04 4.947296029525195991e+03 1.795762432047889888e+04
8.000000000000000000e+02 5.593310566596075660e+03 2.095739135473143324e+04 7.912715576505400350e+03 2.882594159420068172e+04 4.926529209164704298e+03 1.794608367479193839e+04
8.500000000000000000e+02 5.019652769843862188e+03 1.956972669258342648e+04 7.310718043858016244e+03 2.693294033313647742e+04 4.903630061989408205e+03 1.792609345237861271e+04
9.000000000000000000e+02 5.816272782117598581e+03 2.190214081463257025e+04 8.258156504509126535e+03 3.012769447096866497e+04 4.878610263873737495e+03 1.789761010399307270e+04
9.500000000000000000e+02 6.121844845165014704e+03 2.297713581904073362e+04 8.671235135184151659e+03 3.160483620568805418e+04 4.851485929452495839e+03 1.786060661458680261e+04
