-11000 15
-10950 15
-10900 15
-10850 15
-10800 15
-10750 15
-10700 15
-10650 15
-10600 15
-10550 15
-10500 15
-10450 15
-10400 15
-10350 15
-10300 15
-10250 15
-10200 15
-10150 15
-10100 15
-10050 15
-10000 15
-9950 15
-9900 15
-9850 15
-9800 15
-9750 15
-9700 15
-9650 15
-9600 15
-9550 15
-9500 15
-9450 15
-9400 15
-9350 15
-9300 15
-9250 15
-9200 15
-9150 15
-9100 15
-9050 15
-9000 20
-8950 20
-8900 20
-8850 20
-8800 20
-8750 20
-8700 20
-8650 20
-8600 20
-8550 20
-8500 19
-8450 19
-8400 19
-8350 19
-8300 19
-8250 19
-8200 19
-8150 19
-8100 19
-8050 19
-8000 19
-7950 19
-7900 20
-7850 20
-7800 20
-7750 20
-7700 20
-7650 20
-7600 20
-7550 20
-7500 20
-7450 20
-7400 20
-7350 20
-7300 20
-7250 20
-7200 20
-7150 20
-7100 20
-7050 20
-7000 20
-6950 20
-6900 20
-6850 20
-6800 251
-6750 251
-6700 251
-6650 251
-6600 251
-6550 251
-6500 251
-6450 251
-6400 251
-6350 251
-6300 251
-6250 251
-6200 251
-6150 251
-6100 251
-6050 251
-6000 251
-5950 251
-5900 251
-5850 251
-5800 251
-5750 251
-5700 251
-5650 251
-5600 251
-5550 251
-5500 388
-5450 388
-5400 388
-5350 388
-5300 388
-5250 388
-5200 388
-5150 388
-5100 388
-5050 388
-5000 388
-4950 388
-4900 388
-4850 388
-4800 388
-4750 388
-4700 388
-4650 388
-4600 388
-4550 388
-4500 388
-4450 388
-4400 388
-4350 388
-4300 388
-4250 388
-4200 388
-4150 388
-4100 388
-4050 388
-4000 388
-3950 388
-3900 416
-3850 416
-3800 416
-3750 416
-3700 416
-3650 416
-3600 416
-3550 416
-3500 416
-3450 416
-3400 421
-3350 421
-3300 421
-3250 421
-3200 421
-3150 421
-3100 421
-3050 421
-3000 421
-2950 421
-2900 421
-2850 421
-2800 421
-2750 434
-2700 434
-2650 434
-2600 434
-2550 434
-2500 108
-2450 108
-2400 108
-2350 170
-2300 170
-2250 170
-2200 170
-2150 170
-2100 180
-2050 180
-2000 265
-1950 265
-1900 265
-1850 274
-1800 274
-1750 296
-1700 296
-1650 300
-1600 300
-1550 309
-1500 309
-1450 310
-1400 310
-1350 310
-1300 310
-1250 310
-1200 302
-1150 302
-1100 291
-1050 166
-1000 166
-950 219
-900 219
-850 219
-800 219
-750 248
-700 248
-650 248
-600 248
-550 248
-500 222
-450 222
-400 222
-350 222
-300 311
-250 311
-200 323
-150 323
-100 323
-50 368
0 368
50 361
100 361
150 361
200 361
250 312
300 312
350 312
400 258
450 258
500 258
550 258
600 258
650 258
700 258
750 140
800 140
850 140
900 140
950 100
1000 100
1050 100
1100 100
1150 100
1200 92
1250 92
1300 92
1350 92
1400 92
1450 92
1500 85
1550 85
1600 85
1650 85
1700 85
1750 85
1800 85
1850 85
1900 80
1950 80
